0000  08 00 00 00 00 00 00 0c 00 01 03 06 ee 01 56 e8   ..............V.
0010  55 c3 00 00 45 00 00 3e 3e 16 40 00 40 11 7a 6b   U...E..>>.@.@.zk
0020  c0 a8 00 6f c0 a8 00 6e ab 77 00 35 00 2a 8d 74   ...o...n.w.5.*.t
0030  3f 7f 01 00 00 01 00 00 00 00 00 00 03 70 63 33   ?............pc3
0040  08 6c 65 63 74 75 72 65 72 03 71 77 65 00 00 01   .lecturer.qwe...
0050  00 01                                             ..

0000  08 00 00 00 00 00 00 0c 00 01 03 06 a6 01 1f 61   ...............a
0010  2e 04 00 00 45 00 00 49 28 03 00 00 40 11 d0 dd   ....E..I(...@...
0020  c0 a8 00 6e c0 a8 00 05 94 18 00 35 00 35 d5 8d   ...n.......5.5..
0030  e6 77 00 10 00 01 00 00 00 00 00 01 03 70 63 33   .w...........pc3
0040  08 6c 65 63 74 75 72 65 72 03 71 77 65 00 00 01   .lecturer.qwe...
0050  00 01 00 00 29 10 00 00 00 80 00 00 00            ....)........

0000  08 00 00 00 00 00 00 0c 00 01 03 06 46 29 ef 55   ............F).U
0010  c4 64 00 00 45 00 00 7c 3f d6 00 00 40 11 b8 d7   .d..E..|?...@...
0020  c0 a8 00 05 c0 a8 00 6e 00 35 94 18 00 68 7a 1d   .......n.5...hz.
0030  e6 77 84 93 00 01 00 00 00 01 00 01 03 70 63 33   .w...........pc3
0040  08 6c 65 63 74 75 72 65 72 03 71 77 65 00 00 01   .lecturer.qwe...
0050  00 01 00 00 06 00 01 00 00 00 00 00 28 0b 52 4f   ............(.RO
0060  4f 54 2d 53 45 52 56 45 52 00 04 72 6f 6f 74 c0   OT-SERVER..root.
0070  2d 78 a5 a0 51 00 00 70 80 00 00 38 40 00 36 ee   -x..Q..p...8@.6.
0080  80 00 00 00 00 00 00 29 10 00 00 00 80 00 00 00   .......)........

0000  08 00 00 00 00 00 00 0c 00 01 03 06 a6 01 1f 61   ...............a
0010  2e 04 00 00 45 00 00 71 68 78 00 00 40 11 8f d6   ....E..qhx..@...
0020  c0 a8 00 6e c0 a8 00 6f 00 35 ab 77 00 5d 6c 73   ...n...o.5.w.]ls
0030  3f 7f 81 83 00 01 00 00 00 01 00 00 03 70 63 33   ?............pc3
0040  08 6c 65 63 74 75 72 65 72 03 71 77 65 00 00 01   .lecturer.qwe...
0050  00 01 00 00 06 00 01 00 00 2a 30 00 28 0b 52 4f   .........*0.(.RO
0060  4f 54 2d 53 45 52 56 45 52 00 04 72 6f 6f 74 c0   OT-SERVER..root.
0070  2d 78 a5 a0 51 00 00 70 80 00 00 38 40 00 36 ee   -x..Q..p...8@.6.
0080  80 00 00 00 00                                    .....

0000  08 00 00 00 00 00 00 0c 00 01 03 06 ee 01 56 e8   ..............V.
0010  55 c3 00 00 45 00 00 3e 3e 17 40 00 40 11 7a 6a   U...E..>>.@.@.zj
0020  c0 a8 00 6f c0 a8 00 6e ab 77 00 35 00 2a a9 61   ...o...n.w.5.*.a
0030  23 77 01 00 00 01 00 00 00 00 00 00 03 70 63 33   #w...........pc3
0040  08 6c 65 63 74 75 72 65 72 03 71 77 65 00 00 1c   .lecturer.qwe...
0050  00 01                                             ..

0000  08 00 00 00 00 00 00 0c 00 01 03 06 a6 01 1f 61   ...............a
0010  2e 04 00 00 45 00 00 71 68 79 00 00 40 11 8f d5   ....E..qhy..@...
0020  c0 a8 00 6e c0 a8 00 6f 00 35 ab 77 00 5d 88 60   ...n...o.5.w.].`
0030  23 77 81 83 00 01 00 00 00 01 00 00 03 70 63 33   #w...........pc3
0040  08 6c 65 63 74 75 72 65 72 03 71 77 65 00 00 1c   .lecturer.qwe...
0050  00 01 00 00 06 00 01 00 00 2a 30 00 28 0b 52 4f   .........*0.(.RO
0060  4f 54 2d 53 45 52 56 45 52 00 04 72 6f 6f 74 c0   OT-SERVER..root.
0070  2d 78 a5 a0 51 00 00 70 80 00 00 38 40 00 36 ee   -x..Q..p...8@.6.
0080  80 00 00 00 00                                    .....
