0000  08 00 00 00 00 00 00 0c 00 01 03 06 ee 01 56 e8   ..............V.
0010  55 c3 00 00 45 00 00 3e 24 d7 40 00 40 11 93 aa   U...E..>$.@.@...
0020  c0 a8 00 6f c0 a8 00 6e e9 3a 00 35 00 2a 58 bb   ...o...n.:.5.*X.
0030  36 75 01 00 00 01 00 00 00 00 00 00 03 70 63 33   6u...........pc3
0040  08 6c 65 63 74 75 72 65 72 03 71 77 65 00 00 01   .lecturer.qwe...
0050  00 01                                             ..

0000  08 00 00 00 00 00 00 0c 00 01 03 06 a6 01 1f 61   ...............a
0010  2e 04 00 00 45 00 00 71 74 b0 00 00 40 11 83 9e   ....E..qt...@...
0020  c0 a8 00 6e c0 a8 00 6f 00 35 e9 3a 00 5d 7a ba   ...n...o.5.:.]z.
0030  36 75 81 83 00 01 00 00 00 01 00 00 03 70 63 33   6u...........pc3
0040  08 6c 65 63 74 75 72 65 72 03 71 77 65 00 00 01   .lecturer.qwe...
0050  00 01 00 00 06 00 01 00 00 29 ed 00 28 0b 52 4f   .........)..(.RO
0060  4f 54 2d 53 45 52 56 45 52 00 04 72 6f 6f 74 c0   OT-SERVER..root.
0070  2d 78 a5 a0 51 00 00 70 80 00 00 38 40 00 36 ee   -x..Q..p...8@.6.
0080  80 00 00 00 00                                    .....

0000  08 00 00 00 00 00 00 0c 00 01 03 06 ee 01 56 e8   ..............V.
0010  55 c3 00 00 45 00 00 3e 24 d8 40 00 40 11 93 a9   U...E..>$.@.@...
0020  c0 a8 00 6f c0 a8 00 6e e9 3a 00 35 00 2a f0 95   ...o...n.:.5.*..
0030  9e 7f 01 00 00 01 00 00 00 00 00 00 03 70 63 33   .............pc3
0040  08 6c 65 63 74 75 72 65 72 03 71 77 65 00 00 1c   .lecturer.qwe...
0050  00 01                                             ..

0000  08 00 00 00 00 00 00 0c 00 01 03 06 a6 01 1f 61   ...............a
0010  2e 04 00 00 45 00 00 71 74 b1 00 00 40 11 83 9d   ....E..qt...@...
0020  c0 a8 00 6e c0 a8 00 6f 00 35 e9 3a 00 5d 12 95   ...n...o.5.:.]..
0030  9e 7f 81 83 00 01 00 00 00 01 00 00 03 70 63 33   .............pc3
0040  08 6c 65 63 74 75 72 65 72 03 71 77 65 00 00 1c   .lecturer.qwe...
0050  00 01 00 00 06 00 01 00 00 29 ed 00 28 0b 52 4f   .........)..(.RO
0060  4f 54 2d 53 45 52 56 45 52 00 04 72 6f 6f 74 c0   OT-SERVER..root.
0070  2d 78 a5 a0 51 00 00 70 80 00 00 38 40 00 36 ee   -x..Q..p...8@.6.
0080  80 00 00 00 00                                    .....
