0000  08 00 00 00 00 00 00 0c 00 01 03 06 ee 01 56 e8   ..............V.
0010  55 c3 00 00 45 00 00 3e 80 2c 40 00 40 11 38 55   U...E..>.,@.@.8U
0020  c0 a8 00 6f c0 a8 00 6e 98 a9 00 35 00 2a 37 bf   ...o...n...5.*7.
0030  9f 00 01 00 00 01 00 00 00 00 00 00 03 70 63 33   .............pc3
0040  08 6c 65 63 74 75 72 65 72 03 6a 79 75 00 00 01   .lecturer.jyu...
0050  00 01                                             ..

0000  08 00 00 00 00 00 00 0c 00 01 03 06 a6 01 1f 61   ...............a
0010  2e 04 00 00 45 00 00 49 40 90 00 00 40 11 b8 50   ....E..I@...@..P
0020  c0 a8 00 6e c0 a8 00 05 ed 98 00 35 00 35 d4 7f   ...n.......5.5..
0030  85 11 00 10 00 01 00 00 00 00 00 01 03 70 63 33   .............pc3
0040  08 6c 65 63 74 75 72 65 72 03 6a 79 75 00 00 01   .lecturer.jyu...
0050  00 01 00 00 29 02 00 00 00 80 00 00 00            ....)........

0000  08 00 00 00 00 00 00 0c 00 01 03 06 a6 01 1f 61   ...............a
0010  2e 04 00 00 45 00 00 38 02 f5 00 00 40 11 f5 fc   ....E..8....@...
0020  c0 a8 00 6e c0 a8 00 05 bc ae 00 35 00 24 1f a0   ...n.......5.$..
0030  1c 33 00 00 00 01 00 00 00 00 00 01 00 00 02 00   .3..............
0040  01 00 00 29 02 00 00 00 80 00 00 00               ...)........

0000  08 00 00 00 00 00 00 0c 00 01 03 06 46 29 ef 55   ............F).U
0010  c4 64 00 00 45 00 00 60 02 2f 00 00 40 11 f6 9a   .d..E..`./..@...
0020  c0 a8 00 05 c0 a8 00 6e 00 35 bc ae 00 4c d7 34   .......n.5...L.4
0030  1c 33 84 80 00 01 00 01 00 00 00 02 00 00 02 00   .3..............
0040  01 00 00 02 00 01 00 00 ea 60 00 0d 0b 52 4f 4f   .........`...ROO
0050  54 2d 53 45 52 56 45 52 00 c0 1c 00 01 00 01 00   T-SERVER........
0060  00 ea 60 00 04 c0 a8 00 05 00 00 29 10 00 00 00   ..`........)....
0070  80 00 00 00                                       ....

0000  08 00 00 00 00 00 00 0c 00 01 03 06 46 29 ef 55   ............F).U
0010  c4 64 00 00 45 00 00 6e 02 30 00 00 40 11 f6 8b   .d..E..n.0..@...
0020  c0 a8 00 05 c0 a8 00 6e 00 35 ed 98 00 5a 78 08   .......n.5...Zx.
0030  85 11 80 90 00 01 00 00 00 01 00 02 03 70 63 33   .............pc3
0040  08 6c 65 63 74 75 72 65 72 03 6a 79 75 00 00 01   .lecturer.jyu...
0050  00 01 c0 19 00 02 00 01 00 00 ea 60 00 09 06 64   ...........`...d
0060  6e 73 6a 79 75 c0 19 c0 2e 00 01 00 01 00 00 ea   nsjyu...........
0070  60 00 04 c0 a8 00 1e 00 00 29 10 00 00 00 80 00   `........)......
0080  00 00                                             ..

0000  08 00 00 00 00 00 00 0c 00 01 03 06 a6 01 1f 61   ...............a
0010  2e 04 00 00 45 00 00 49 65 1c 00 00 40 11 93 ab   ....E..Ie...@...
0020  c0 a8 00 6e c0 a8 00 1e 80 fc 00 35 00 35 0a 83   ...n.......5.5..
0030  bb 91 00 10 00 01 00 00 00 00 00 01 03 70 63 33   .............pc3
0040  08 6c 65 63 74 75 72 65 72 03 6a 79 75 00 00 01   .lecturer.jyu...
0050  00 01 00 00 29 02 00 00 00 80 00 00 00            ....)........

0000  08 00 00 00 00 00 00 0c 00 01 03 06 7e 93 2f 45   ............~./E
0010  4d 95 00 00 45 00 00 73 8e a4 00 00 40 11 69 f9   M...E..s....@.i.
0020  c0 a8 00 1e c0 a8 00 6e 00 35 80 fc 00 5f 8f 13   .......n.5..._..
0030  bb 91 80 90 00 01 00 00 00 01 00 02 03 70 63 33   .............pc3
0040  08 6c 65 63 74 75 72 65 72 03 6a 79 75 00 00 01   .lecturer.jyu...
0050  00 01 c0 10 00 02 00 01 00 00 ea 60 00 0e 0b 64   ...........`...d
0060  6e 73 6c 65 63 74 75 72 65 72 c0 10 c0 2e 00 01   nslecturer......
0070  00 01 00 00 ea 60 00 04 c0 a8 00 23 00 00 29 10   .....`.....#..).
0080  00 00 00 80 00 00 00                              .......

0000  08 00 00 00 00 00 00 0c 00 01 03 06 a6 01 1f 61   ...............a
0010  2e 04 00 00 45 00 00 49 ee b6 00 00 40 11 0a 0c   ....E..I....@...
0020  c0 a8 00 6e c0 a8 00 23 95 e8 00 35 00 35 08 db   ...n...#...5.5..
0030  a8 48 00 10 00 01 00 00 00 00 00 01 03 70 63 33   .H...........pc3
0040  08 6c 65 63 74 75 72 65 72 03 6a 79 75 00 00 01   .lecturer.jyu...
0050  00 01 00 00 29 02 00 00 00 80 00 00 00            ....)........

0000  08 00 00 00 00 00 00 0c 00 01 03 06 36 b4 c2 30   ............6..0
0010  f1 d9 00 00 45 00 00 59 c6 a9 00 00 40 11 32 09   ....E..Y....@.2.
0020  c0 a8 00 23 c0 a8 00 6e 00 35 95 e8 00 45 18 dd   ...#...n.5...E..
0030  a8 48 84 90 00 01 00 01 00 00 00 01 03 70 63 33   .H...........pc3
0040  08 6c 65 63 74 75 72 65 72 03 6a 79 75 00 00 01   .lecturer.jyu...
0050  00 01 c0 0c 00 01 00 01 00 00 ea 60 00 04 c0 a8   ...........`....
0060  00 32 00 00 29 10 00 00 00 80 00 00 00            .2..)........

0000  08 00 00 00 00 00 00 0c 00 01 03 06 a6 01 1f 61   ...............a
0010  2e 04 00 00 45 00 00 78 b6 45 00 00 40 11 42 02   ....E..x.E..@.B.
0020  c0 a8 00 6e c0 a8 00 6f 00 35 98 a9 00 64 50 de   ...n...o.5...dP.
0030  9f 00 81 80 00 01 00 01 00 01 00 01 03 70 63 33   .............pc3
0040  08 6c 65 63 74 75 72 65 72 03 6a 79 75 00 00 01   .lecturer.jyu...
0050  00 01 c0 0c 00 01 00 01 00 00 ea 60 00 04 c0 a8   ...........`....
0060  00 32 c0 10 00 02 00 01 00 00 ea 60 00 0e 0b 64   .2.........`...d
0070  6e 73 6c 65 63 74 75 72 65 72 c0 10 c0 3e 00 01   nslecturer...>..
0080  00 01 00 00 ea 60 00 04 c0 a8 00 23               .....`.....#

0000  08 00 00 00 00 00 00 0c 00 01 03 06 ee 01 56 e8   ..............V.
0010  55 c3 00 00 45 00 00 3e 80 2d 40 00 40 11 38 54   U...E..>.-@.@.8T
0020  c0 a8 00 6f c0 a8 00 6e 98 a9 00 35 00 2a c1 9d   ...o...n...5.*..
0030  15 07 01 00 00 01 00 00 00 00 00 00 03 70 63 33   .............pc3
0040  08 6c 65 63 74 75 72 65 72 03 6a 79 75 00 00 1c   .lecturer.jyu...
0050  00 01                                             ..

0000  08 00 00 00 00 00 00 0c 00 01 03 06 a6 01 1f 61   ...............a
0010  2e 04 00 00 45 00 00 49 f2 c2 00 00 40 11 06 00   ....E..I....@...
0020  c0 a8 00 6e c0 a8 00 23 ca 53 00 35 00 35 eb 39   ...n...#.S.5.5.9
0030  91 55 00 10 00 01 00 00 00 00 00 01 03 70 63 33   .U...........pc3
0040  08 6c 65 63 74 75 72 65 72 03 6a 79 75 00 00 1c   .lecturer.jyu...
0050  00 01 00 00 29 10 00 00 00 80 00 00 00            ....)........

0000  08 00 00 00 00 00 00 0c 00 01 03 06 36 b4 c2 30   ............6..0
0010  f1 d9 00 00 45 00 00 7e c6 aa 00 00 40 11 31 e3   ....E..~....@.1.
0020  c0 a8 00 23 c0 a8 00 6e 00 35 ca 53 00 6a 2a dc   ...#...n.5.S.j*.
0030  91 55 84 90 00 01 00 00 00 01 00 01 03 70 63 33   .U...........pc3
0040  08 6c 65 63 74 75 72 65 72 03 6a 79 75 00 00 1c   .lecturer.jyu...
0050  00 01 c0 10 00 06 00 01 00 00 00 0f 00 29 0b 64   .............).d
0060  6e 73 6c 65 63 74 75 72 65 72 c0 10 04 72 6f 6f   nslecturer...roo
0070  74 c0 2e 78 a5 a0 51 00 00 00 1c 00 00 38 40 00   t..x..Q......8@.
0080  36 ee 80 00 00 00 0f 00 00 29 10 00 00 00 80 00   6........)......
0090  00 00                                             ..

0000  08 00 00 00 00 00 00 0c 00 01 03 06 a6 01 1f 61   ...............a
0010  2e 04 00 00 45 00 00 73 b6 46 00 00 40 11 42 06   ....E..s.F..@.B.
0020  c0 a8 00 6e c0 a8 00 6f 00 35 98 a9 00 5f 41 b8   ...n...o.5..._A.
0030  15 07 81 80 00 01 00 00 00 01 00 00 03 70 63 33   .............pc3
0040  08 6c 65 63 74 75 72 65 72 03 6a 79 75 00 00 1c   .lecturer.jyu...
0050  00 01 c0 10 00 06 00 01 00 00 2a 30 00 29 0b 64   ..........*0.).d
0060  6e 73 6c 65 63 74 75 72 65 72 c0 10 04 72 6f 6f   nslecturer...roo
0070  74 c0 2e 78 a5 a0 51 00 00 00 1c 00 00 38 40 00   t..x..Q......8@.
0080  36 ee 80 00 00 00 0f                              6......

0000  08 00 00 00 00 00 00 0c 00 01 03 06 ee 01 56 e8   ..............V.
0010  55 c3 00 00 45 00 00 47 6a bc 40 00 40 11 4d bc   U...E..Gj.@.@.M.
0020  c0 a8 00 6f c0 a8 00 6e cd d3 00 35 00 33 78 78   ...o...n...5.3xx
0030  bb 18 01 00 00 01 00 00 00 00 00 00 02 35 30 01   .............50.
0040  30 03 31 36 38 03 31 39 32 07 69 6e 2d 61 64 64   0.168.192.in-add
0050  72 04 61 72 70 61 00 00 0c 00 01                  r.arpa.....

0000  08 00 00 00 00 00 00 0c 00 01 03 06 a6 01 1f 61   ...............a
0010  2e 04 00 00 45 00 00 7e b6 47 00 00 40 11 41 fa   ....E..~.G..@.A.
0020  c0 a8 00 6e c0 a8 00 6f 00 35 cd d3 00 6a a4 e0   ...n...o.5...j..
0030  bb 18 85 83 00 01 00 00 00 01 00 00 02 35 30 01   .............50.
0040  30 03 31 36 38 03 31 39 32 07 69 6e 2d 61 64 64   0.168.192.in-add
0050  72 04 61 72 70 61 00 00 0c 00 01 03 31 36 38 03   r.arpa......168.
0060  31 39 32 07 49 4e 2d 41 44 44 52 04 41 52 50 41   192.IN-ADDR.ARPA
0070  00 00 06 00 01 00 01 51 80 00 17 c0 2b 00 00 00   .......Q....+...
0080  00 00 00 00 70 80 00 00 1c 20 00 09 3a 80 00 01   ....p.... ..:...
0090  51 80                                             Q.
