0000  08 00 00 00 00 00 00 13 00 01 03 06 b6 49 7d 9b   .............I}.
0010  84 b6 00 00 45 00 00 44 4b 14 00 00 40 11 ad 67   ....E..DK...@..g
0020  c0 a8 00 6f c0 a8 00 6e b2 44 00 35 00 30 6b a2   ...o...n.D.5.0k.
0030  a4 e5 01 20 00 01 00 00 00 00 00 01 00 00 02 00   ... ............
0040  01 00 00 29 04 d0 00 00 80 00 00 0c 00 0a 00 08   ...)............
0050  e0 b4 7f 79 bd e3 13 13                           ...y....

0000  08 00 00 00 00 00 00 13 00 01 03 06 62 bd 77 a6   ............b.w.
0010  a9 8d 00 00 45 00 00 38 d1 90 00 00 40 11 27 61   ....E..8....@.'a
0020  c0 a8 00 6e c0 a8 00 05 8d e5 00 35 00 24 92 c3   ...n.......5.$..
0030  d7 c8 00 10 00 01 00 00 00 00 00 01 00 00 02 00   ................
0040  01 00 00 29 02 00 00 00 80 00 00 00               ...)........

0000  08 00 00 00 00 00 00 13 00 01 03 06 62 bd 77 a6   ............b.w.
0010  a9 8d 00 00 45 00 00 38 f6 a0 00 00 40 11 02 51   ....E..8....@..Q
0020  c0 a8 00 6e c0 a8 00 05 df d8 00 35 00 24 a8 78   ...n.......5.$.x
0030  70 30 00 00 00 01 00 00 00 00 00 01 00 00 02 00   p0..............
0040  01 00 00 29 02 00 00 00 80 00 00 00               ...)........

0000  08 00 00 00 00 00 00 13 00 01 03 06 52 21 cb 54   ............R!.T
0010  fc 5e 00 00 45 00 00 60 51 6d 00 00 40 11 a7 5c   .^..E..`Qm..@..\
0020  c0 a8 00 05 c0 a8 00 6e 00 35 8d e5 00 4c 4a 58   .......n.5...LJX
0030  d7 c8 84 90 00 01 00 01 00 00 00 02 00 00 02 00   ................
0040  01 00 00 02 00 01 00 00 ea 60 00 0d 0b 52 4f 4f   .........`...ROO
0050  54 2d 53 45 52 56 45 52 00 c0 1c 00 01 00 01 00   T-SERVER........
0060  00 ea 60 00 04 c0 a8 00 05 00 00 29 10 00 00 00   ..`........)....
0070  80 00 00 00                                       ....

0000  08 00 00 00 00 00 00 13 00 01 03 06 52 21 cb 54   ............R!.T
0010  fc 5e 00 00 45 00 00 60 51 6e 00 00 40 11 a7 5b   .^..E..`Qn..@..[
0020  c0 a8 00 05 c0 a8 00 6e 00 35 df d8 00 4c 60 0d   .......n.5...L`.
0030  70 30 84 80 00 01 00 01 00 00 00 02 00 00 02 00   p0..............
0040  01 00 00 02 00 01 00 00 ea 60 00 0d 0b 52 4f 4f   .........`...ROO
0050  54 2d 53 45 52 56 45 52 00 c0 1c 00 01 00 01 00   T-SERVER........
0060  00 ea 60 00 04 c0 a8 00 05 00 00 29 10 00 00 00   ..`........)....
0070  80 00 00 00                                       ....

0000  08 00 00 00 00 00 00 13 00 01 03 06 62 bd 77 a6   ............b.w.
0010  a9 8d 00 00 45 00 00 7c e8 c9 00 00 40 11 0f 7a   ....E..|....@..z
0020  c0 a8 00 6e c0 a8 00 6f 00 35 b2 44 00 68 ca 08   ...n...o.5.D.h..
0030  a4 e5 81 80 00 01 00 01 00 00 00 02 00 00 02 00   ................
0040  01 00 00 02 00 01 00 00 ea 60 00 0d 0b 52 4f 4f   .........`...ROO
0050  54 2d 53 45 52 56 45 52 00 c0 1c 00 01 00 01 00   T-SERVER........
0060  00 ea 60 00 04 c0 a8 00 05 00 00 29 10 00 00 00   ..`........)....
0070  00 00 00 1c 00 0a 00 18 e0 b4 7f 79 bd e3 13 13   ...........y....
0080  e1 47 8e 96 6a c5 3b b6 2f 5b 3c 82 1b ab 41 fc   .G..j.;./[<...A.

0000  08 00 00 00 00 00 00 13 00 01 03 06 b6 49 7d 9b   .............I}.
0010  84 b6 00 00 45 00 00 39 41 25 40 00 40 11 77 61   ....E..9A%@.@.wa
0020  c0 a8 00 6f c0 a8 00 6e 80 48 00 35 00 25 5a f3   ...o...n.H.5.%Z.
0030  05 48 01 00 00 01 00 00 00 00 00 00 0b 52 4f 4f   .H...........ROO
0040  54 2d 53 45 52 56 45 52 00 00 01 00 01            T-SERVER.....

0000  08 00 00 00 00 00 00 13 00 01 03 06 62 bd 77 a6   ............b.w.
0010  a9 8d 00 00 45 00 00 44 77 f8 00 00 40 11 80 ed   ....E..Dw...@...
0020  c0 a8 00 6e c0 a8 00 05 9f 6b 00 35 00 30 6f 88   ...n.....k.5.0o.
0030  42 a9 00 10 00 01 00 00 00 00 00 01 0b 52 4f 4f   B............ROO
0040  54 2d 53 45 52 56 45 52 00 00 01 00 01 00 00 29   T-SERVER.......)
0050  10 00 00 00 80 00 00 00                           ........

0000  08 00 00 00 00 00 00 13 00 01 03 06 52 21 cb 54   ............R!.T
0010  fc 5e 00 00 45 00 00 61 51 71 00 00 40 11 a7 57   .^..E..aQq..@..W
0020  c0 a8 00 05 c0 a8 00 6e 00 35 9f 6b 00 4d 85 87   .......n.5.k.M..
0030  42 a9 84 90 00 01 00 01 00 01 00 01 0b 52 4f 4f   B............ROO
0040  54 2d 53 45 52 56 45 52 00 00 01 00 01 c0 0c 00   T-SERVER........
0050  01 00 01 00 00 ea 60 00 04 c0 a8 00 05 00 00 02   ......`.........
0060  00 01 00 00 ea 60 00 02 c0 0c 00 00 29 10 00 00   .....`......)...
0070  00 80 00 00 00                                    .....

0000  08 00 00 00 00 00 00 13 00 01 03 06 62 bd 77 a6   ............b.w.
0010  a9 8d 00 00 45 00 00 56 e8 ca 00 00 40 11 0f 9f   ....E..V....@...
0020  c0 a8 00 6e c0 a8 00 6f 00 35 80 48 00 42 0e 59   ...n...o.5.H.B.Y
0030  05 48 81 80 00 01 00 01 00 01 00 00 0b 52 4f 4f   .H...........ROO
0040  54 2d 53 45 52 56 45 52 00 00 01 00 01 c0 0c 00   T-SERVER........
0050  01 00 01 00 00 ea 60 00 04 c0 a8 00 05 00 00 02   ......`.........
0060  00 01 00 00 ea 60 00 02 c0 0c                     .....`....

0000  08 00 00 00 00 00 00 13 00 01 03 06 b6 49 7d 9b   .............I}.
0010  84 b6 00 00 45 00 00 39 41 26 40 00 40 11 77 60   ....E..9A&@.@.w`
0020  c0 a8 00 6f c0 a8 00 6e 80 48 00 35 00 25 29 f6   ...o...n.H.5.%).
0030  1b 45 01 00 00 01 00 00 00 00 00 00 0b 52 4f 4f   .E...........ROO
0040  54 2d 53 45 52 56 45 52 00 00 1c 00 01            T-SERVER.....

0000  08 00 00 00 00 00 00 13 00 01 03 06 62 bd 77 a6   ............b.w.
0010  a9 8d 00 00 45 00 00 44 c2 3e 00 00 40 11 36 a7   ....E..D.>..@.6.
0020  c0 a8 00 6e c0 a8 00 05 d0 30 00 35 00 30 7f d1   ...n.....0.5.0..
0030  e6 9a 00 10 00 01 00 00 00 00 00 01 0b 52 4f 4f   .............ROO
0040  54 2d 53 45 52 56 45 52 00 00 1c 00 01 00 00 29   T-SERVER.......)
0050  10 00 00 00 80 00 00 00                           ........

0000  08 00 00 00 00 00 00 13 00 01 03 06 52 21 cb 54   ............R!.T
0010  fc 5e 00 00 45 00 00 6c 51 72 00 00 40 11 a7 4b   .^..E..lQr..@..K
0020  c0 a8 00 05 c0 a8 00 6e 00 35 d0 30 00 58 d7 7c   .......n.5.0.X.|
0030  e6 9a 84 90 00 01 00 00 00 01 00 01 0b 52 4f 4f   .............ROO
0040  54 2d 53 45 52 56 45 52 00 00 1c 00 01 00 00 06   T-SERVER........
0050  00 01 00 00 00 00 00 1d c0 0c 04 72 6f 6f 74 c0   ...........root.
0060  0c 78 a5 a0 51 00 00 70 80 00 00 38 40 00 36 ee   .x..Q..p...8@.6.
0070  80 00 00 00 00 00 00 29 10 00 00 00 80 00 00 00   .......)........

0000  08 00 00 00 00 00 00 13 00 01 03 06 62 bd 77 a6   ............b.w.
0010  a9 8d 00 00 45 00 00 61 e8 cb 00 00 40 11 0f 93   ....E..a....@...
0020  c0 a8 00 6e c0 a8 00 6f 00 35 80 48 00 4d 5b 71   ...n...o.5.H.M[q
0030  1b 45 81 80 00 01 00 00 00 01 00 00 0b 52 4f 4f   .E...........ROO
0040  54 2d 53 45 52 56 45 52 00 00 1c 00 01 00 00 06   T-SERVER........
0050  00 01 00 00 2a 30 00 1d c0 0c 04 72 6f 6f 74 c0   ....*0.....root.
0060  0c 78 a5 a0 51 00 00 70 80 00 00 38 40 00 36 ee   .x..Q..p...8@.6.
0070  80 00 00 00 00                                    .....

0000  08 00 00 00 00 00 00 13 00 01 03 06 b6 49 7d 9b   .............I}.
0010  84 b6 00 00 45 00 00 65 09 64 00 00 40 11 ef 5f   ....E..e.d..@.._
0020  c0 a8 00 6f c0 a8 00 05 97 0e 00 35 00 51 3a 56   ...o.......5.Q:V
0030  63 68 00 20 00 01 00 00 00 00 00 01 03 70 63 33   ch. .........pc3
0040  08 6c 65 63 74 75 72 65 72 03 6a 79 75 00 00 01   .lecturer.jyu...
0050  00 01 00 00 29 04 d0 00 00 80 00 00 1c 00 0a 00   ....)...........
0060  18 e0 b4 7f 79 bd e3 13 13 e1 47 8e 96 6a c5 3b   ....y.....G..j.;
0070  b6 2f 5b 3c 82 1b ab 41 fc                        ./[<...A.

0000  08 00 00 00 00 00 00 13 00 01 03 06 52 21 cb 54   ............R!.T
0010  fc 5e 00 00 45 00 00 8a 34 1e 00 00 40 11 c4 80   .^..E...4...@...
0020  c0 a8 00 05 c0 a8 00 6f 00 35 97 0e 00 76 6d 28   .......o.5...vm(
0030  63 68 80 80 00 01 00 00 00 01 00 02 03 70 63 33   ch...........pc3
0040  08 6c 65 63 74 75 72 65 72 03 6a 79 75 00 00 01   .lecturer.jyu...
0050  00 01 c0 19 00 02 00 01 00 00 ea 60 00 09 06 64   ...........`...d
0060  6e 73 6a 79 75 c0 19 c0 2e 00 01 00 01 00 00 ea   nsjyu...........
0070  60 00 04 c0 a8 00 1e 00 00 29 10 00 00 00 80 00   `........)......
0080  00 1c 00 0a 00 18 e0 b4 7f 79 bd e3 13 13 b9 37   .........y.....7
0090  31 6f 6a c5 3b b6 d7 d7 08 ed 7e 6b 61 34         1oj.;.....~ka4

0000  08 00 00 00 00 00 00 13 00 01 03 06 b6 49 7d 9b   .............I}.
0010  84 b6 00 00 45 00 00 38 4c b1 40 00 40 11 6b d6   ....E..8L.@.@.k.
0020  c0 a8 00 6f c0 a8 00 6e d1 fe 00 35 00 24 19 fd   ...o...n...5.$..
0030  5c 76 01 00 00 01 00 00 00 00 00 00 06 64 6e 73   \v...........dns
0040  6a 79 75 03 6a 79 75 00 00 01 00 01               jyu.jyu.....

0000  08 00 00 00 00 00 00 13 00 01 03 06 62 bd 77 a6   ............b.w.
0010  a9 8d 00 00 45 00 00 43 ac 0f 00 00 40 11 4c d7   ....E..C....@.L.
0020  c0 a8 00 6e c0 a8 00 05 e7 0d 00 35 00 2f 7e e1   ...n.......5./~.
0030  ba 35 00 10 00 01 00 00 00 00 00 01 06 64 6e 73   .5...........dns
0040  6a 79 75 03 6a 79 75 00 00 01 00 01 00 00 29 10   jyu.jyu.......).
0050  00 00 00 80 00 00 00                              .......

0000  08 00 00 00 00 00 00 13 00 01 03 06 52 21 cb 54   ............R!.T
0010  fc 5e 00 00 45 00 00 61 51 75 00 00 40 11 a7 53   .^..E..aQu..@..S
0020  c0 a8 00 05 c0 a8 00 6e 00 35 e7 0d 00 4d 28 62   .......n.5...M(b
0030  ba 35 80 90 00 01 00 00 00 01 00 02 06 64 6e 73   .5...........dns
0040  6a 79 75 03 6a 79 75 00 00 01 00 01 c0 13 00 02   jyu.jyu.........
0050  00 01 00 00 ea 60 00 02 c0 0c c0 0c 00 01 00 01   .....`..........
0060  00 00 ea 60 00 04 c0 a8 00 1e 00 00 29 10 00 00   ...`........)...
0070  00 80 00 00 00                                    .....

0000  08 00 00 00 00 00 00 13 00 01 03 06 62 bd 77 a6   ............b.w.
0010  a9 8d 00 00 45 00 00 43 f6 a8 00 00 40 11 02 25   ....E..C....@..%
0020  c0 a8 00 6e c0 a8 00 1e e0 ad 00 35 00 2f de 7d   ...n.......5./.}
0030  60 ee 00 10 00 01 00 00 00 00 00 01 06 64 6e 73   `............dns
0040  6a 79 75 03 6a 79 75 00 00 01 00 01 00 00 29 02   jyu.jyu.......).
0050  00 00 00 80 00 00 00                              .......

0000  08 00 00 00 00 00 00 13 00 01 03 06 e2 1d 32 dc   ..............2.
0010  6d 59 00 00 45 00 00 53 a8 62 00 00 40 11 50 5b   mY..E..S.b..@.P[
0020  c0 a8 00 1e c0 a8 00 6e 00 35 e0 ad 00 3f ee 93   .......n.5...?..
0030  60 ee 84 90 00 01 00 01 00 00 00 01 06 64 6e 73   `............dns
0040  6a 79 75 03 6a 79 75 00 00 01 00 01 c0 0c 00 01   jyu.jyu.........
0050  00 01 00 00 ea 60 00 04 c0 a8 00 1e 00 00 29 10   .....`........).
0060  00 00 00 80 00 00 00                              .......

0000  08 00 00 00 00 00 00 13 00 01 03 06 62 bd 77 a6   ............b.w.
0010  a9 8d 00 00 45 00 00 56 e8 ce 00 00 40 11 0f 9b   ....E..V....@...
0020  c0 a8 00 6e c0 a8 00 6f 00 35 d1 fe 00 42 c3 7d   ...n...o.5...B.}
0030  5c 76 81 80 00 01 00 01 00 01 00 00 06 64 6e 73   \v...........dns
0040  6a 79 75 03 6a 79 75 00 00 01 00 01 c0 0c 00 01   jyu.jyu.........
0050  00 01 00 00 ea 60 00 04 c0 a8 00 1e c0 13 00 02   .....`..........
0060  00 01 00 00 ea 60 00 02 c0 0c                     .....`....

0000  08 00 00 00 00 00 00 13 00 01 03 06 b6 49 7d 9b   .............I}.
0010  84 b6 00 00 45 00 00 38 4c b2 40 00 40 11 6b d5   ....E..8L.@.@.k.
0020  c0 a8 00 6f c0 a8 00 6e d1 fe 00 35 00 24 65 e7   ...o...n...5.$e.
0030  10 71 01 00 00 01 00 00 00 00 00 00 06 64 6e 73   .q...........dns
0040  6a 79 75 03 6a 79 75 00 00 1c 00 01               jyu.jyu.....

0000  08 00 00 00 00 00 00 13 00 01 03 06 62 bd 77 a6   ............b.w.
0010  a9 8d 00 00 45 00 00 43 6a 46 00 00 40 11 8e 87   ....E..CjF..@...
0020  c0 a8 00 6e c0 a8 00 1e c6 7a 00 35 00 2f cd 55   ...n.....z.5./.U
0030  8c 20 00 10 00 01 00 00 00 00 00 01 06 64 6e 73   . ...........dns
0040  6a 79 75 03 6a 79 75 00 00 1c 00 01 00 00 29 10   jyu.jyu.......).
0050  00 00 00 80 00 00 00                              .......

0000  08 00 00 00 00 00 00 13 00 01 03 06 e2 1d 32 dc   ..............2.
0010  6d 59 00 00 45 00 00 6c a8 63 00 00 40 11 50 41   mY..E..l.c..@.PA
0020  c0 a8 00 1e c0 a8 00 6e 00 35 c6 7a 00 58 53 b3   .......n.5.z.XS.
0030  8c 20 84 90 00 01 00 00 00 01 00 01 06 64 6e 73   . ...........dns
0040  6a 79 75 03 6a 79 75 00 00 1c 00 01 c0 13 00 06   jyu.jyu.........
0050  00 01 00 00 00 0f 00 1d c0 0c 04 72 6f 6f 74 c0   ...........root.
0060  0c 78 a5 a0 51 00 00 00 1c 00 00 38 40 00 36 ee   .x..Q......8@.6.
0070  80 00 00 00 0f 00 00 29 10 00 00 00 80 00 00 00   .......)........

0000  08 00 00 00 00 00 00 13 00 01 03 06 62 bd 77 a6   ............b.w.
0010  a9 8d 00 00 45 00 00 61 e8 cf 00 00 40 11 0f 8f   ....E..a....@...
0020  c0 a8 00 6e c0 a8 00 6f 00 35 d1 fe 00 4d 2c bd   ...n...o.5...M,.
0030  10 71 81 80 00 01 00 00 00 01 00 00 06 64 6e 73   .q...........dns
0040  6a 79 75 03 6a 79 75 00 00 1c 00 01 c0 13 00 06   jyu.jyu.........
0050  00 01 00 00 2a 30 00 1d c0 0c 04 72 6f 6f 74 c0   ....*0.....root.
0060  0c 78 a5 a0 51 00 00 00 1c 00 00 38 40 00 36 ee   .x..Q......8@.6.
0070  80 00 00 00 0f                                    .....

0000  08 00 00 00 00 00 00 13 00 01 03 06 b6 49 7d 9b   .............I}.
0010  84 b6 00 00 45 00 00 65 bd 29 00 00 40 11 3b 81   ....E..e.)..@.;.
0020  c0 a8 00 6f c0 a8 00 1e b3 6f 00 35 00 51 ed 3a   ...o.....o.5.Q.:
0030  eb 97 00 20 00 01 00 00 00 00 00 01 03 70 63 33   ... .........pc3
0040  08 6c 65 63 74 75 72 65 72 03 6a 79 75 00 00 01   .lecturer.jyu...
0050  00 01 00 00 29 04 d0 00 00 80 00 00 1c 00 0a 00   ....)...........
0060  18 e0 b4 7f 79 bd e3 13 13 b9 37 31 6f 6a c5 3b   ....y.....71oj.;
0070  b6 d7 d7 08 ed 7e 6b 61 34                        .....~ka4

0000  08 00 00 00 00 00 00 13 00 01 03 06 e2 1d 32 dc   ..............2.
0010  6d 59 00 00 45 00 00 8f 46 88 00 00 40 11 b1 f8   mY..E...F...@...
0020  c0 a8 00 1e c0 a8 00 6f 00 35 b3 6f 00 7b d9 a6   .......o.5.o.{..
0030  eb 97 80 80 00 01 00 00 00 01 00 02 03 70 63 33   .............pc3
0040  08 6c 65 63 74 75 72 65 72 03 6a 79 75 00 00 01   .lecturer.jyu...
0050  00 01 c0 10 00 02 00 01 00 00 ea 60 00 0e 0b 64   ...........`...d
0060  6e 73 6c 65 63 74 75 72 65 72 c0 10 c0 2e 00 01   nslecturer......
0070  00 01 00 00 ea 60 00 04 c0 a8 00 23 00 00 29 10   .....`.....#..).
0080  00 00 00 80 00 00 1c 00 0a 00 18 e0 b4 7f 79 bd   ..............y.
0090  e3 13 13 cb bc 9b 19 6a c5 3b b6 d1 0f c7 47 96   .......j.;....G.
00a0  d2 5c 73                                          .\s

0000  08 00 00 00 00 00 00 13 00 01 03 06 b6 49 7d 9b   .............I}.
0010  84 b6 00 00 45 00 00 46 96 cb 40 00 40 11 21 ae   ....E..F..@.@.!.
0020  c0 a8 00 6f c0 a8 00 6e e0 07 00 35 00 32 a7 a9   ...o...n...5.2..
0030  29 b5 01 00 00 01 00 00 00 00 00 00 0b 64 6e 73   )............dns
0040  6c 65 63 74 75 72 65 72 08 6c 65 63 74 75 72 65   lecturer.lecture
0050  72 03 6a 79 75 00 00 01 00 01                     r.jyu.....

0000  08 00 00 00 00 00 00 13 00 01 03 06 62 bd 77 a6   ............b.w.
0010  a9 8d 00 00 45 00 00 51 b5 37 00 00 40 11 43 88   ....E..Q.7..@.C.
0020  c0 a8 00 6e c0 a8 00 1e bb 13 00 35 00 3d 0e 5f   ...n.......5.=._
0030  bf 8d 00 10 00 01 00 00 00 00 00 01 0b 64 6e 73   .............dns
0040  6c 65 63 74 75 72 65 72 08 6c 65 63 74 75 72 65   lecturer.lecture
0050  72 03 6a 79 75 00 00 01 00 01 00 00 29 10 00 00   r.jyu.......)...
0060  00 80 00 00 00                                    .....

0000  08 00 00 00 00 00 00 13 00 01 03 06 e2 1d 32 dc   ..............2.
0010  6d 59 00 00 45 00 00 6f a8 65 00 00 40 11 50 3c   mY..E..o.e..@.P<
0020  c0 a8 00 1e c0 a8 00 6e 00 35 bb 13 00 5b b7 d5   .......n.5...[..
0030  bf 8d 80 90 00 01 00 00 00 01 00 02 0b 64 6e 73   .............dns
0040  6c 65 63 74 75 72 65 72 08 6c 65 63 74 75 72 65   lecturer.lecture
0050  72 03 6a 79 75 00 00 01 00 01 c0 18 00 02 00 01   r.jyu...........
0060  00 00 ea 60 00 02 c0 0c c0 0c 00 01 00 01 00 00   ...`............
0070  ea 60 00 04 c0 a8 00 23 00 00 29 10 00 00 00 80   .`.....#..).....
0080  00 00 00                                          ...

0000  08 00 00 00 00 00 00 13 00 01 03 06 62 bd 77 a6   ............b.w.
0010  a9 8d 00 00 45 00 00 51 50 7a 00 00 40 11 a8 40   ....E..QPz..@..@
0020  c0 a8 00 6e c0 a8 00 23 a3 20 00 35 00 3d 67 e1   ...n...#. .5.=g.
0030  7e 07 00 10 00 01 00 00 00 00 00 01 0b 64 6e 73   ~............dns
0040  6c 65 63 74 75 72 65 72 08 6c 65 63 74 75 72 65   lecturer.lecture
0050  72 03 6a 79 75 00 00 01 00 01 00 00 29 02 00 00   r.jyu.......)...
0060  00 80 00 00 00                                    .....

0000  08 00 00 00 00 00 00 13 00 01 03 06 e2 40 61 61   .............@aa
0010  48 57 00 00 45 00 00 61 e5 cb 00 00 40 11 12 df   HW..E..a....@...
0020  c0 a8 00 23 c0 a8 00 6e 00 35 a3 20 00 4d 77 f2   ...#...n.5. .Mw.
0030  7e 07 84 90 00 01 00 01 00 00 00 01 0b 64 6e 73   ~............dns
0040  6c 65 63 74 75 72 65 72 08 6c 65 63 74 75 72 65   lecturer.lecture
0050  72 03 6a 79 75 00 00 01 00 01 c0 0c 00 01 00 01   r.jyu...........
0060  00 00 ea 60 00 04 c0 a8 00 23 00 00 29 10 00 00   ...`.....#..)...
0070  00 80 00 00 00                                    .....

0000  08 00 00 00 00 00 00 13 00 01 03 06 62 bd 77 a6   ............b.w.
0010  a9 8d 00 00 45 00 00 64 e8 d4 00 00 40 11 0f 87   ....E..d....@...
0020  c0 a8 00 6e c0 a8 00 6f 00 35 e0 07 00 50 51 20   ...n...o.5...PQ 
0030  29 b5 81 80 00 01 00 01 00 01 00 00 0b 64 6e 73   )............dns
0040  6c 65 63 74 75 72 65 72 08 6c 65 63 74 75 72 65   lecturer.lecture
0050  72 03 6a 79 75 00 00 01 00 01 c0 0c 00 01 00 01   r.jyu...........
0060  00 00 ea 60 00 04 c0 a8 00 23 c0 18 00 02 00 01   ...`.....#......
0070  00 00 ea 60 00 02 c0 0c                           ...`....

0000  08 00 00 00 00 00 00 13 00 01 03 06 b6 49 7d 9b   .............I}.
0010  84 b6 00 00 45 00 00 46 96 cc 40 00 40 11 21 ad   ....E..F..@.@.!.
0020  c0 a8 00 6f c0 a8 00 6e e0 07 00 35 00 32 1e 7b   ...o...n...5.2.{
0030  b2 c8 01 00 00 01 00 00 00 00 00 00 0b 64 6e 73   .............dns
0040  6c 65 63 74 75 72 65 72 08 6c 65 63 74 75 72 65   lecturer.lecture
0050  72 03 6a 79 75 00 00 1c 00 01                     r.jyu.....

0000  08 00 00 00 00 00 00 13 00 01 03 06 62 bd 77 a6   ............b.w.
0010  a9 8d 00 00 45 00 00 51 3c 95 00 00 40 11 bc 25   ....E..Q<...@..%
0020  c0 a8 00 6e c0 a8 00 23 c8 93 00 35 00 3d b3 81   ...n...#...5.=..
0030  0c cb 00 10 00 01 00 00 00 00 00 01 0b 64 6e 73   .............dns
0040  6c 65 63 74 75 72 65 72 08 6c 65 63 74 75 72 65   lecturer.lecture
0050  72 03 6a 79 75 00 00 1c 00 01 00 00 29 10 00 00   r.jyu.......)...
0060  00 80 00 00 00                                    .....

0000  08 00 00 00 00 00 00 13 00 01 03 06 e2 40 61 61   .............@aa
0010  48 57 00 00 45 00 00 7a e5 cc 00 00 40 11 12 c5   HW..E..z....@...
0020  c0 a8 00 23 c0 a8 00 6e 00 35 c8 93 00 66 39 da   ...#...n.5...f9.
0030  0c cb 84 90 00 01 00 00 00 01 00 01 0b 64 6e 73   .............dns
0040  6c 65 63 74 75 72 65 72 08 6c 65 63 74 75 72 65   lecturer.lecture
0050  72 03 6a 79 75 00 00 1c 00 01 c0 18 00 06 00 01   r.jyu...........
0060  00 00 00 0f 00 1d c0 0c 04 72 6f 6f 74 c0 0c 78   .........root..x
0070  a5 a0 51 00 00 00 1c 00 00 38 40 00 36 ee 80 00   ..Q......8@.6...
0080  00 00 0f 00 00 29 10 00 00 00 80 00 00 00         .....)........

0000  08 00 00 00 00 00 00 13 00 01 03 06 62 bd 77 a6   ............b.w.
0010  a9 8d 00 00 45 00 00 6f e8 d6 00 00 40 11 0f 7a   ....E..o....@..z
0020  c0 a8 00 6e c0 a8 00 6f 00 35 e0 07 00 5b e5 4b   ...n...o.5...[.K
0030  b2 c8 81 80 00 01 00 00 00 01 00 00 0b 64 6e 73   .............dns
0040  6c 65 63 74 75 72 65 72 08 6c 65 63 74 75 72 65   lecturer.lecture
0050  72 03 6a 79 75 00 00 1c 00 01 c0 18 00 06 00 01   r.jyu...........
0060  00 00 2a 30 00 1d c0 0c 04 72 6f 6f 74 c0 0c 78   ..*0.....root..x
0070  a5 a0 51 00 00 00 1c 00 00 38 40 00 36 ee 80 00   ..Q......8@.6...
0080  00 00 0f                                          ...

0000  08 00 00 00 00 00 00 13 00 01 03 06 b6 49 7d 9b   .............I}.
0010  84 b6 00 00 45 00 00 65 47 a8 00 00 40 11 b0 fd   ....E..eG...@...
0020  c0 a8 00 6f c0 a8 00 23 ca f5 00 35 00 51 ef c0   ...o...#...5.Q..
0030  69 3f 00 20 00 01 00 00 00 00 00 01 03 70 63 33   i?. .........pc3
0040  08 6c 65 63 74 75 72 65 72 03 6a 79 75 00 00 01   .lecturer.jyu...
0050  00 01 00 00 29 04 d0 00 00 80 00 00 1c 00 0a 00   ....)...........
0060  18 e0 b4 7f 79 bd e3 13 13 cb bc 9b 19 6a c5 3b   ....y........j.;
0070  b6 d1 0f c7 47 96 d2 5c 73                        ....G..\s

0000  08 00 00 00 00 00 00 13 00 01 03 06 e2 40 61 61   .............@aa
0010  48 57 00 00 45 00 00 9f 55 1d 00 00 40 11 a3 4e   HW..E...U...@..N
0020  c0 a8 00 23 c0 a8 00 6f 00 35 ca f5 00 8b e9 e0   ...#...o.5......
0030  69 3f 84 80 00 01 00 01 00 01 00 02 03 70 63 33   i?...........pc3
0040  08 6c 65 63 74 75 72 65 72 03 6a 79 75 00 00 01   .lecturer.jyu...
0050  00 01 c0 0c 00 01 00 01 00 00 ea 60 00 04 c0 a8   ...........`....
0060  00 32 c0 10 00 02 00 01 00 00 ea 60 00 0e 0b 64   .2.........`...d
0070  6e 73 6c 65 63 74 75 72 65 72 c0 10 c0 3e 00 01   nslecturer...>..
0080  00 01 00 00 ea 60 00 04 c0 a8 00 23 00 00 29 10   .....`.....#..).
0090  00 00 00 80 00 00 1c 00 0a 00 18 e0 b4 7f 79 bd   ..............y.
00a0  e3 13 13 e8 6e 4b 62 6a c5 3b b6 6b e5 e3 01 4f   ....nKbj.;.k...O
00b0  4e 34 58                                          N4X
