0000  08 00 00 00 00 00 00 0c 00 01 03 06 ee 01 56 e8   ..............V.
0010  55 c3 00 00 45 00 00 3e b3 3f 40 00 40 11 05 42   U...E..>.?@.@..B
0020  c0 a8 00 6f c0 a8 00 6e 83 0a 00 35 00 2a a7 40   ...o...n...5.*.@
0030  45 1e 01 00 00 01 00 00 00 00 00 00 03 70 63 33   E............pc3
0040  08 6c 65 63 74 75 72 65 72 03 6a 79 75 00 00 01   .lecturer.jyu...
0050  00 01                                             ..

0000  08 00 00 00 00 00 00 0c 00 01 03 06 a6 01 1f 61   ...............a
0010  2e 04 00 00 45 00 00 78 31 e7 00 00 40 11 c6 60   ....E..x1...@..`
0020  c0 a8 00 6e c0 a8 00 6f 00 35 83 0a 00 64 c2 06   ...n...o.5...d..
0030  45 1e 81 80 00 01 00 01 00 01 00 01 03 70 63 33   E............pc3
0040  08 6c 65 63 74 75 72 65 72 03 6a 79 75 00 00 01   .lecturer.jyu...
0050  00 01 c0 0c 00 01 00 01 00 00 e9 d3 00 04 c0 a8   ................
0060  00 32 c0 10 00 02 00 01 00 00 e9 d3 00 0e 0b 64   .2.............d
0070  6e 73 6c 65 63 74 75 72 65 72 c0 10 c0 3e 00 01   nslecturer...>..
0080  00 01 00 00 e9 d3 00 04 c0 a8 00 23               ...........#

0000  08 00 00 00 00 00 00 0c 00 01 03 06 ee 01 56 e8   ..............V.
0010  55 c3 00 00 45 00 00 3e b3 40 40 00 40 11 05 41   U...E..>.@@.@..A
0020  c0 a8 00 6f c0 a8 00 6e 83 0a 00 35 00 2a 94 26   ...o...n...5.*.&
0030  58 1d 01 00 00 01 00 00 00 00 00 00 03 70 63 33   X............pc3
0040  08 6c 65 63 74 75 72 65 72 03 6a 79 75 00 00 1c   .lecturer.jyu...
0050  00 01                                             ..

0000  08 00 00 00 00 00 00 0c 00 01 03 06 a6 01 1f 61   ...............a
0010  2e 04 00 00 45 00 00 73 31 e8 00 00 40 11 c6 64   ....E..s1...@..d
0020  c0 a8 00 6e c0 a8 00 6f 00 35 83 0a 00 5f 14 ce   ...n...o.5..._..
0030  58 1d 81 80 00 01 00 00 00 01 00 00 03 70 63 33   X............pc3
0040  08 6c 65 63 74 75 72 65 72 03 6a 79 75 00 00 1c   .lecturer.jyu...
0050  00 01 c0 10 00 06 00 01 00 00 29 a3 00 29 0b 64   ..........)..).d
0060  6e 73 6c 65 63 74 75 72 65 72 c0 10 04 72 6f 6f   nslecturer...roo
0070  74 c0 2e 78 a5 a0 51 00 00 00 1c 00 00 38 40 00   t..x..Q......8@.
0080  36 ee 80 00 00 00 0f                              6......

0000  08 00 00 00 00 00 00 0c 00 01 03 06 ee 01 56 e8   ..............V.
0010  55 c3 00 00 45 00 00 47 8d 74 40 00 40 11 2b 04   U...E..G.t@.@.+.
0020  c0 a8 00 6f c0 a8 00 6e db a4 00 35 00 33 63 4c   ...o...n...5.3cL
0030  c2 73 01 00 00 01 00 00 00 00 00 00 02 35 30 01   .s...........50.
0040  30 03 31 36 38 03 31 39 32 07 69 6e 2d 61 64 64   0.168.192.in-add
0050  72 04 61 72 70 61 00 00 0c 00 01                  r.arpa.....

0000  08 00 00 00 00 00 00 0c 00 01 03 06 a6 01 1f 61   ...............a
0010  2e 04 00 00 45 00 00 7e 31 e9 00 00 40 11 c6 58   ....E..~1...@..X
0020  c0 a8 00 6e c0 a8 00 6f 00 35 db a4 00 6a 8f b4   ...n...o.5...j..
0030  c2 73 85 83 00 01 00 00 00 01 00 00 02 35 30 01   .s...........50.
0040  30 03 31 36 38 03 31 39 32 07 69 6e 2d 61 64 64   0.168.192.in-add
0050  72 04 61 72 70 61 00 00 0c 00 01 03 31 36 38 03   r.arpa......168.
0060  31 39 32 07 49 4e 2d 41 44 44 52 04 41 52 50 41   192.IN-ADDR.ARPA
0070  00 00 06 00 01 00 01 51 80 00 17 c0 2b 00 00 00   .......Q....+...
0080  00 00 00 00 70 80 00 00 1c 20 00 09 3a 80 00 01   ....p.... ..:...
0090  51 80                                             Q.
