0000  08 00 00 00 00 00 00 13 00 01 03 06 b6 49 7d 9b   .............I}.
0010  84 b6 00 00 45 00 00 55 2f 86 00 00 40 11 c8 e4   ....E..U/...@...
0020  c0 a8 00 6f c0 a8 00 6e a3 2a 00 35 00 41 da c8   ...o...n.*.5.A..
0030  18 79 01 20 00 01 00 00 00 00 00 01 03 70 63 33   .y. .........pc3
0040  08 6c 65 63 74 75 72 65 72 03 6a 79 75 00 00 01   .lecturer.jyu...
0050  00 01 00 00 29 04 d0 00 00 00 00 00 0c 00 0a 00   ....)...........
0060  08 a8 9e a1 79 35 43 29 66                        ....y5C)f

0000  08 00 00 00 00 00 00 13 00 01 03 06 62 bd 77 a6   ............b.w.
0010  a9 8d 00 00 45 00 00 49 1f e7 00 00 40 11 d8 db   ....E..I....@...
0020  c0 a8 00 6e c0 a8 00 23 bd b5 00 35 00 35 60 73   ...n...#...5.5`s
0030  28 d5 00 10 00 01 00 00 00 00 00 01 03 70 63 33   (............pc3
0040  08 6c 65 63 74 75 72 65 72 03 6a 79 75 00 00 01   .lecturer.jyu...
0050  00 01 00 00 29 10 00 00 00 80 00 00 00            ....)........

0000  08 00 00 00 00 00 00 13 00 01 03 06 e2 40 61 61   .............@aa
0010  48 57 00 00 45 00 00 83 87 ee 00 00 40 11 70 9a   HW..E.......@.p.
0020  c0 a8 00 23 c0 a8 00 6e 00 35 bd b5 00 6f 75 92   ...#...n.5...ou.
0030  28 d5 84 90 00 01 00 01 00 01 00 02 03 70 63 33   (............pc3
0040  08 6c 65 63 74 75 72 65 72 03 6a 79 75 00 00 01   .lecturer.jyu...
0050  00 01 c0 0c 00 01 00 01 00 00 ea 60 00 04 c0 a8   ...........`....
0060  00 32 c0 10 00 02 00 01 00 00 ea 60 00 0e 0b 64   .2.........`...d
0070  6e 73 6c 65 63 74 75 72 65 72 c0 10 c0 3e 00 01   nslecturer...>..
0080  00 01 00 00 ea 60 00 04 c0 a8 00 23 00 00 29 10   .....`.....#..).
0090  00 00 00 80 00 00 00                              .......

0000  08 00 00 00 00 00 00 13 00 01 03 06 62 bd 77 a6   ............b.w.
0010  a9 8d 00 00 45 00 00 9f 5f d9 00 00 40 11 98 47   ....E..._...@..G
0020  c0 a8 00 6e c0 a8 00 6f 00 35 a3 2a 00 8b 93 8e   ...n...o.5.*....
0030  18 79 81 80 00 01 00 01 00 01 00 02 03 70 63 33   .y...........pc3
0040  08 6c 65 63 74 75 72 65 72 03 6a 79 75 00 00 01   .lecturer.jyu...
0050  00 01 c0 0c 00 01 00 01 00 00 ea 60 00 04 c0 a8   ...........`....
0060  00 32 c0 10 00 02 00 01 00 00 e8 24 00 0e 0b 64   .2.........$...d
0070  6e 73 6c 65 63 74 75 72 65 72 c0 10 c0 3e 00 01   nslecturer...>..
0080  00 01 00 00 e8 24 00 04 c0 a8 00 23 00 00 29 10   .....$.....#..).
0090  00 00 00 00 00 00 1c 00 0a 00 18 a8 9e a1 79 35   ..............y5
00a0  43 29 66 2a 67 08 74 6a c5 3d f2 76 3a 76 d5 a7   C)f*g.tj.=.v:v..
00b0  a0 55 d1                                          .U.
